-2.5
0.00000000000000000
1.63947019867549670
-2.49000000953674316
0.00000000000000000
1.63947019867549670
-2.48000001907348633
0.00000000000000000
0.81593818984547462
-2.47000002861022949
0.00000000000000000
0.81317880794701991
-2.46000003814697266
0.00000000000000000
0.81064017660044152
-2.45000004768371582
0.00000000000000000
0.80766004415011039
-2.44000005722045898
0.00000000000000000
0.80481236203090512
-2.43000006675720215
0.00000000000000000
0.80200883002207501
-2.42000007629394531
0.00000000000000000
0.79896247240618101
-2.41000008583068848
0.00000000000000000
0.79587196467991173
-2.40000009536743164
0.00000000000000000
0.79309050772626932
-2.39000010490417480
0.00169779290445149
0.79004415011037532
-2.38000011444091797
0.00169779290445149
0.78690949227373064
-2.37000012397766113
0.00169779290445149
0.78381898454746135
-2.36000013351440430
0.00169779290445149
0.78105960264900665
-2.35000014305114746
0.00169779290445149
0.77858719646799113
-2.34000015258789063
0.00169779290445149
0.77543046357615897
-2.33000016212463379
0.00169779290445149
0.77262693156732887
-2.32000017166137695
0.00169779290445149
0.76977924944812359
-2.31000018119812012
0.00169779290445149
0.76690949227373073
-2.30000019073486328
0.00169779290445149
0.76370860927152318
-2.29000020027160645
0.00169779290445149
0.76077262693156733
-2.28000020980834961
0.00169779290445149
0.75766004415011035
-2.27000021934509277
0.00169779290445149
0.75483443708609277
-2.26000022888183594
0.00169779290445149
0.75152317880794706
-2.25000023841857910
0.00169779290445149
0.74830022075055191
-2.24000024795532227
0.00169779290445149
0.74426048565121417
-2.23000025749206543
0.00169779290445149
0.74094922737306845
-2.22000026702880859
0.00169779290445149
0.73810154525386318
-2.21000027656555176
0.00169779290445149
0.73498896247240619
-2.20000028610229492
0.00169779290445149
0.73128035320088303
-2.19000029563903809
0.00169779290445149
0.72735099337748343
-2.18000030517578125
0.00169779290445149
0.72395143487858715
-2.17000031471252441
0.00169779290445149
0.71999999999999997
-2.16000032424926758
0.00169779290445149
0.71646799116997795
-2.15000033378601074
0.00169779290445149
0.71258278145695364
-2.14000034332275391
0.00169779290445149
0.70865342163355405
-2.13000035285949707
0.00169779290445149
0.70560706401766005
-2.12000036239624023
0.00169779290445149
0.70187637969094918
-2.11000037193298340
0.00169779290445149
0.69810154525386314
-2.10000038146972656
0.00169779290445149
0.69445916114790285
-2.09000039100646973
0.00169779290445149
0.69066225165562911
-2.08000040054321289
0.00169779290445149
0.68668874172185435
-2.07000041007995605
0.00169779290445149
0.68346578366445920
-2.06000041961669922
0.00169779290445149
0.67964679911699777
-2.05000042915344238
0.00169779290445149
0.67600441501103747
-2.04000043869018555
0.00169779290445149
0.67185430463576157
-2.03000044822692871
0.00169779290445149
0.66792494481236198
-2.02000045776367188
0.00169779290445149
0.66357615894039734
-2.01000046730041504
0.00169779290445149
0.65953642384105959
-2.00000047683715820
0.00169779290445149
0.65503311258278141
-1.99000048637390137
0.00339558580890298
0.65123620309050778
-1.98000049591064453
0.00339558580890298
0.64754966887417220
-1.97000050544738770
0.00339558580890298
0.64364238410596031
-1.96000051498413086
0.00339558580890298
0.63911699779249453
-1.95000052452087402
0.00339558580890298
0.63560706401766009
-1.94000053405761719
0.00339558580890298
0.63200883002207509
-1.93000054359436035
0.00339558580890298
0.62801324503311262
-1.92000055313110352
0.00339558580890298
0.62412803532008831
-1.91000056266784668
0.00339558580890298
0.62002207505518758
-1.90000057220458984
0.00339558580890298
0.61624724061810154
-1.89000058174133301
0.00509337848052382
0.61216335540838851
-1.88000059127807617
0.00509337848052382
0.60805739514348789
-1.87000060081481934
0.00509337848052382
0.60401766004415014
-1.86000061035156250
0.00509337848052382
0.60004415011037526
-1.85000061988830566
0.00509337848052382
0.59620309050772624
-1.84000062942504883
0.00509337848052382
0.59236203090507722
-1.83000063896179199
0.00509337848052382
0.58816777041942603
-1.82000064849853516
0.00509337848052382
0.58437086092715229
-1.81000065803527832
0.00509337848052382
0.57999999999999996
-1.80000066757202148
0.00509337848052382
0.57584988962472405
-1.79000067710876465
0.00509337848052382
0.57112582781456955
-1.78000068664550781
0.00509337848052382
0.56728476821192053
-1.77000069618225098
0.00509337848052382
0.56315673289183221
-1.76000070571899414
0.00509337848052382
0.55896247240618102
-1.75000071525573730
0.00509337848052382
0.55467991169977926
-1.74000072479248047
0.00509337848052382
0.55015452538631349
-1.73000073432922363
0.00509337848052382
0.54587196467991173
-1.72000074386596680
0.00509337848052382
0.54169977924944812
-1.71000075340270996
0.00509337848052382
0.53761589403973509
-1.70000076293945313
0.00509337848052382
0.53346578366445918
-1.69000077247619629
0.00509337848052382
0.52887417218543042
-1.68000078201293945
0.00509337848052382
0.52419426048565121
-1.67000079154968262
0.00509337848052382
0.51971302428256072
-1.66000080108642578
0.00509337848052382
0.51565121412803527
-1.65000081062316895
0.00509337848052382
0.51167770419426051
-1.64000082015991211
0.00509337848052382
0.50737306843267105
-1.63000082969665527
0.00509337848052382
0.50324503311258273
-1.62000083923339844
0.00509337848052382
0.49860927152317880
-1.61000084877014160
0.00509337848052382
0.49467991169977926
-1.60000085830688477
0.00509337848052382
0.49086092715231788
-1.59000086784362793
0.00509337848052382
0.48657836644591612
-1.58000087738037109
0.00509337848052382
0.48240618101545252
-1.57000088691711426
0.00509337848052382
0.47796909492273731
-1.56000089645385742
0.00509337848052382
0.47381898454746135
-1.55000090599060059
0.00509337848052382
0.46927152317880794
-1.54000091552734375
0.00509337848052382
0.46580573951434878
-1.53000092506408691
0.00509337848052382
0.46165562913907282
-1.52000093460083008
0.00679117161780596
0.45715231788079469
-1.51000094413757324
0.00679117161780596
0.45264900662251656
-1.50000095367431641
0.00679117161780596
0.44724061810154525
-1.49000096321105957
0.00679117161780596
0.44300220750551877
-1.48000097274780273
0.00679117161780596
0.43916114790286975
-1.47000098228454590
0.00679117161780596
0.43461368653421634
-1.46000099182128906
0.00679117161780596
0.43028697571743929
-1.45000100135803223
0.00679117161780596
0.42598233995584989
-1.44000101089477539
0.00679117161780596
0.42211920529801322
-1.43000102043151855
0.00679117161780596
0.41785871964679910
-1.42000102996826172
0.00679117161780596
0.41357615894039734
-1.41000103950500488
0.00679117161780596
0.40905077262693157
-1.40000104904174805
0.00679117161780596
0.40487858719646797
-1.39000105857849121
0.00679117161780596
0.40075055187637970
-1.38000106811523438
0.00679117161780596
0.39640176600441501
-1.37000107765197754
0.00679117161780596
0.39284768211920529
-1.36000108718872070
0.00679117161780596
0.38865342163355410
-1.35000109672546387
0.00679117161780596
0.38474613686534215
-1.34000110626220703
0.00679117161780596
0.38079470198675497
-1.33000111579895020
0.00679117161780596
0.37637969094922735
-1.32000112533569336
0.00679117161780596
0.37185430463576158
-1.31000113487243652
0.00679117161780596
0.36821192052980134
-1.30000114440917969
0.00848896428942680
0.36412803532008831
-1.29000115394592285
0.00848896428942680
0.36024282560706400
-1.28000116348266602
0.00848896428942680
0.35615894039735102
-1.27000117301940918
0.00848896428942680
0.35161147902869755
-1.26000118255615234
0.00848896428942680
0.34706401766004413
-1.25000119209289551
0.00848896428942680
0.34320088300220752
-1.24000120162963867
0.00848896428942680
0.33964679911699780
-1.23000121116638184
0.00848896428942680
0.33571743929359821
-1.22000122070312500
0.00848896428942680
0.33189845474613688
-1.21000123023986816
0.00848896428942680
0.32796909492273729
-1.20000123977661133
0.00848896428942680
0.32461368653421635
-1.19000124931335449
0.00848896428942680
0.32068432671081676
-1.18000125885009766
0.00848896428942680
0.31633554083885207
-1.17000126838684082
0.00848896428942680
0.31211920529801324
-1.16000127792358398
0.00848896428942680
0.30894039735099338
-1.15000128746032715
0.00848896428942680
0.30498896247240620
-1.14000129699707031
0.00848896428942680
0.30139072847682119
-1.13000130653381348
0.00848896428942680
0.29792494481236204
-1.12000131607055664
0.00848896428942680
0.29426048565121415
-1.11000132560729980
0.00848896428942680
0.29086092715231787
-1.10000133514404297
0.00848896428942680
0.28695364238410598
-1.09000134468078613
0.00848896428942680
0.28324503311258276
-1.08000135421752930
0.00848896428942680
0.27966887417218544
-1.07000136375427246
0.00848896428942680
0.27600441501103751
-1.06000137329101563
0.00848896428942680
0.27242825607064020
-1.05000138282775879
0.00848896428942680
0.26876379690949226
-1.04000139236450195
0.01018675696104765
0.26516556291390730
-1.03000140190124512
0.01018675696104765
0.26169977924944815
-1.02000141143798828
0.01018675696104765
0.25838852097130244
-1.01000142097473145
0.01018675696104765
0.25445916114790285
-1.00000143051147461
0.01018675696104765
0.25161147902869757
-0.99000144004821777
0.01188454963266850
0.24867549668874173
-0.98000144958496094
0.01188454963266850
0.24492273730684327
-0.97000145912170410
0.01188454963266850
0.24152317880794702
-0.96000146865844727
0.01188454963266850
0.23838852097130242
-0.95000147819519043
0.01188454963266850
0.23492273730684327
-0.94000148773193359
0.01188454963266850
0.23152317880794701
-0.93000149726867676
0.01188454963266850
0.22779249448123620
-0.92000150680541992
0.01188454963266850
0.22467991169977924
-0.91000151634216309
0.01188454963266850
0.22125827814569538
-0.90000152587890625
0.01188454963266850
0.21805739514348785
-0.89000153541564941
0.01188454963266850
0.21487858719646799
-0.88000154495239258
0.01188454963266850
0.21192052980132450
-0.87000155448913574
0.01188454963266850
0.20891832229580573
-0.86000156402587891
0.01188454963266850
0.20558498896247240
-0.85000157356262207
0.01188454963266850
0.20264900662251656
-0.84000158309936523
0.01188454963266850
0.19960264900662253
-0.83000159263610840
0.01188454963266850
0.19642384105960264
-0.82000160217285156
0.01188454963266850
0.19381898454746138
-0.81000161170959473
0.01188454963266850
0.19033112582781456
-0.80000162124633789
0.01188454963266850
0.18754966887417218
-0.79000163078308105
0.01188454963266850
0.18496688741721853
-0.78000164031982422
0.01188454963266850
0.18218543046357616
-0.77000164985656738
0.01188454963266850
0.17922737306843267
-0.76000165939331055
0.01188454963266850
0.17593818984547460
-0.75000166893005371
0.01188454963266850
0.17320088300220751
-0.74000167846679688
0.01188454963266850
0.17070640176600441
-0.73000168800354004
0.01188454963266850
0.16777041942604856
-0.72000169754028320
0.01358234323561192
0.16485651214128036
-0.71000170707702637
0.01358234323561192
0.16205298013245034
-0.70000171661376953
0.01528013590723276
0.15958057395143488
-0.69000172615051270
0.01528013590723276
0.15708609271523180
-0.68000173568725586
0.01528013590723276
0.15426048565121414
-0.67000174522399902
0.01528013590723276
0.15132450331125827
-0.66000175476074219
0.01528013590723276
0.14898454746136866
-0.65000176429748535
0.01697792857885361
0.14635761589403973
-0.64000177383422852
0.01697792857885361
0.14359823399558500
-0.63000178337097168
0.01697792857885361
0.14119205298013246
-0.62000179290771484
0.01697792857885361
0.13889624724061811
-0.61000180244445801
0.01867572218179703
0.13653421633554083
-0.60000181198120117
0.01867572218179703
0.13437086092715231
-0.59000182151794434
0.01867572218179703
0.13214128035320089
-0.58000183105468750
0.01867572218179703
0.12982339955849889
-0.57000184059143066
0.01867572218179703
0.12746136865342164
-0.56000185012817383
0.01867572218179703
0.12514348785871965
-0.55000185966491699
0.01867572218179703
0.12284768211920530
-0.54000186920166016
0.01867572218179703
0.12081677704194260
-0.53000187873840332
0.01867572218179703
0.11865342163355408
-0.52000188827514648
0.01867572218179703
0.11607064017660045
-0.51000189781188965
0.01867572218179703
0.11417218543046358
-0.50000190734863281
0.01867572218179703
0.11189845474613687
-0.49000191688537598
0.01867572218179703
0.10951434878587196
-0.48000192642211914
0.01867572218179703
0.10735099337748344
-0.47000193595886230
0.02037351392209530
0.10538631346578367
-0.46000194549560547
0.02037351392209530
0.10357615894039734
-0.45000195503234863
0.02037351392209530
0.10167770419426049
-0.44000196456909180
0.02207130752503872
0.09942604856512141
-0.43000197410583496
0.02207130752503872
0.09737306843267109
-0.42000198364257813
0.02207130752503872
0.09578366445916114
-0.41000199317932129
0.02207130752503872
0.09417218543046357
-0.40000200271606445
0.02376909926533699
0.09211920529801325
-0.39000201225280762
0.02376909926533699
0.09013245033112582
-0.38000202178955078
0.02376909926533699
0.08832229580573951
-0.37000203132629395
0.02376909926533699
0.08657836644591611
-0.36000204086303711
0.02376909926533699
0.08492273730684327
-0.35000205039978027
0.02546689286828041
0.08311258278145696
-0.34000205993652344
0.02546689286828041
0.08152317880794702
-0.33000206947326660
0.02546689286828041
0.07964679911699779
-0.32000207901000977
0.02546689286828041
0.07788079470198675
-0.31000208854675293
0.02716468647122383
0.07626931567328918
-0.30000209808349609
0.02716468647122383
0.07492273730684326
-0.29000210762023926
0.02716468647122383
0.07346578366445916
-0.28000211715698242
0.02716468647122383
0.07218543046357616
-0.27000212669372559
0.02716468647122383
0.07059602649006623
-0.26000213623046875
0.02886247821152210
0.06902869757174393
-0.25000214576721191
0.02886247821152210
0.06768211920529801
-0.24000214040279388
0.03225806355476379
0.06682119205298014
-0.23000213503837585
0.03395585715770721
0.06527593818984548
-0.22000212967395782
0.03395585715770721
0.06419426048565122
-0.21000212430953979
0.03565365076065063
0.06311258278145696
-0.20000211894512177
0.03565365076065063
0.06156732891832230
-0.19000211358070374
0.03735144436359406
0.06022075055187638
-0.18000210821628571
0.03904923424124718
0.05922737306843267
-0.17000210285186768
0.03904923424124718
0.05801324503311258
-0.16000209748744965
0.04074702784419060
0.05710816777041942
-0.15000209212303162
0.04074702784419060
0.05573951434878587
-0.14000208675861359
0.04074702784419060
0.05452538631346578
-0.13000208139419556
0.04244482144713402
0.05320088300220750
-0.12000208348035812
0.04244482144713402
0.05194260485651214
-0.11000208556652069
0.04244482144713402
0.05079470198675497
-0.10000208765268326
0.04244482144713402
0.04980132450331126
-0.09000208973884583
0.04244482144713402
0.04860927152317881
-0.08000209182500839
0.04244482144713402
0.04772626931567329
-0.07000209391117096
0.04244482144713402
0.04642384105960265
-0.06000209599733353
0.04244482144713402
0.04532008830022075
-0.05000209808349609
0.04244482144713402
0.04419426048565121
-0.04000210016965866
0.04414261505007744
0.04322295805739514
-0.03000210039317608
0.04584040865302086
0.04198675496688742
-0.02000210061669350
0.04584040865302086
0.04088300220750552
-0.01000210084021091
0.04753819853067398
0.03991169977924945
-0.00000210106372833
0.04753819853067398
0.03909492273730684
0.00999789871275425
0.04753819853067398
0.03836644591611479
0.01999789848923683
0.04923599213361740
0.03748344370860927
0.02999789826571941
0.04923599213361740
0.03677704194260486
0.03999789804220200
0.04923599213361740
0.03569536423841060
0.04999789595603943
0.04923599213361740
0.03503311258278146
0.05999789386987686
0.04923599213361740
0.03392935982339956
0.06999789178371429
0.05093378573656082
0.03298013245033113
0.07999788969755173
0.05093378573656082
0.03222958057395144
0.08999788761138916
0.05263157933950424
0.03154525386313466
0.09999788552522659
0.05263157933950424
0.03068432671081678
0.10999788343906403
0.05263157933950424
0.02969094922737307
0.11999788135290146
0.05432937294244766
0.02869757174392936
0.12999787926673889
0.05602716654539108
0.02801324503311258
0.13999788463115692
0.05602716654539108
0.02748344370860927
0.14999788999557495
0.05772495642304420
0.02688741721854305
0.15999789535999298
0.05772495642304420
0.02615894039735099
0.16999790072441101
0.05772495642304420
0.02551876379690949
0.17999790608882904
0.05942275002598763
0.02498896247240618
0.18999791145324707
0.05942275002598763
0.02445916114790287
0.19999791681766510
0.06112054362893105
0.02368653421633554
0.20999792218208313
0.06791171431541443
0.02298013245033113
0.21999792754650116
0.06791171431541443
0.02233995584988963
0.22999793291091919
0.07130730152130127
0.02176600441501104
0.23999793827533722
0.07470288872718811
0.02105960264900662
0.24999794363975525
0.07470288872718811
0.02059602649006622
0.25999793410301208
0.07470288872718811
0.02017660044150110
0.26999792456626892
0.07640068233013153
0.01971302428256071
0.27999791502952576
0.07809846848249435
0.01907284768211921
0.28999790549278259
0.07979626208543777
0.01852097130242826
0.29999789595603943
0.07979626208543777
0.01781456953642384
0.30999788641929626
0.07979626208543777
0.01737306843267108
0.31999787688255310
0.07979626208543777
0.01686534216335541
0.32999786734580994
0.08149405568838120
0.01620309050772627
0.33999785780906677
0.08488964289426804
0.01580573951434878
0.34999784827232361
0.08828523010015488
0.01545253863134658
0.35999783873558044
0.08828523010015488
0.01503311258278146
0.36999782919883728
0.09168081730604172
0.01483443708609272
0.37999781966209412
0.09337861090898514
0.01441501103752759
0.38999781012535095
0.09337861090898514
0.01415011037527594
0.39999780058860779
0.09337861090898514
0.01377483443708609
0.40999779105186462
0.09337861090898514
0.01339955849889625
0.41999778151512146
0.09337861090898514
0.01293598233995585
0.42999777197837830
0.09507639706134796
0.01271523178807947
0.43999776244163513
0.09507639706134796
0.01231788079470199
0.44999775290489197
0.09507639706134796
0.01200883002207506
0.45999774336814880
0.09507639706134796
0.01172185430463576
0.46999773383140564
0.09507639706134796
0.01150110375275938
0.47999772429466248
0.09507639706134796
0.01121412803532009
0.48999771475791931
0.09677419066429138
0.01097130242825607
0.49999770522117615
0.09677419066429138
0.01072847682119205
0.50999772548675537
0.09677419066429138
0.01037527593818985
0.51999771595001221
0.09677419066429138
0.01008830022075055
0.52999770641326904
0.09847198426723480
0.00982339955849890
0.53999769687652588
0.10186757147312164
0.00949227373068433
0.54999768733978271
0.10526315867900848
0.00924944812362031
0.55999767780303955
0.10696095228195190
0.00913907284768212
0.56999766826629639
0.11035653948783875
0.00883002207505519
0.57999765872955322
0.11205433309078217
0.00867549668874172
0.58999764919281006
0.11544991284608841
0.00836644591611479
0.59999763965606689
0.11714770644903183
0.00812362030905077
0.60999763011932373
0.11714770644903183
0.00801324503311258
0.61999762058258057
0.11884550005197525
0.00770419426048565
0.62999761104583740
0.12054329365491867
0.00735099337748344
0.63999760150909424
0.12224108725786209
0.00719646799116998
0.64999759197235107
0.12224108725786209
0.00699779249448124
0.65999758243560791
0.12224108725786209
0.00679911699779249
0.66999757289886475
0.12563666701316833
0.00660044150110375
0.67999756336212158
0.12733446061611176
0.00646799116997793
0.68999755382537842
0.12903225421905518
0.00633554083885210
0.69999754428863525
0.13242784142494202
0.00622516556291391
0.70999753475189209
0.13582342863082886
0.00607064017660044
0.71999752521514893
0.13752122223377228
0.00587196467991170
0.72999751567840576
0.13921901583671570
0.00578366445916115
0.73999750614166260
0.13921901583671570
0.00560706401766004
0.74999749660491943
0.13921901583671570
0.00549668874172185
0.75999748706817627
0.13921901583671570
0.00523178807947020
0.76999747753143311
0.14261460304260254
0.00501103752759382
0.77999746799468994
0.14431239664554596
0.00481236203090508
0.78999745845794678
0.14431239664554596
0.00454746136865342
0.79999744892120361
0.14431239664554596
0.00428256070640177
0.80999743938446045
0.14601019024848938
0.00417218543046358
0.81999742984771729
0.14940577745437622
0.00403973509933775
0.82999742031097412
0.14940577745437622
0.00388520971302428
0.83999741077423096
0.14940577745437622
0.00377483443708609
0.84999740123748779
0.15110357105731964
0.00359823399558499
0.85999739170074463
0.15110357105731964
0.00337748344370861
0.86999738216400146
0.15110357105731964
0.00324503311258278
0.87999737262725830
0.15449915826320648
0.00313465783664459
0.88999736309051514
0.15619693696498871
0.00295805739514349
0.89999735355377197
0.15789473056793213
0.00291390728476821
0.90999734401702881
0.16129031777381897
0.00289183222958057
0.91999733448028564
0.16129031777381897
0.00271523178807947
0.92999732494354248
0.16468590497970581
0.00258278145695364
0.93999731540679932
0.16638369858264923
0.00245033112582781
0.94999730587005615
0.16638369858264923
0.00238410596026490
0.95999729633331299
0.16977928578853607
0.00227373068432671
0.96999728679656982
0.17317487299442291
0.00220750551876380
0.97999727725982666
0.17487266659736633
0.00207505518763797
0.98999726772308350
0.18505942821502686
0.00203090507726269
0.99999725818634033
0.18505942821502686
0.00198675496688742
1.00999724864959717
0.18675722181797028
0.00189845474613687
1.01999723911285400
0.19185058772563934
0.00178807947019868
1.02999722957611084
0.19354838132858276
0.00178807947019868
1.03999722003936768
0.19354838132858276
0.00176600441501104
1.04999721050262451
0.19694396853446960
0.00176600441501104
1.05999720096588135
0.19864176213741302
0.00174392935982340
1.06999719142913818
0.20203734934329987
0.00167770419426049
1.07999718189239502
0.20373514294624329
0.00161147902869757
1.08999717235565186
0.20713073015213013
0.00154525386313466
1.09999716281890869
0.21222411096096039
0.00150110375275938
1.10999715328216553
0.21731749176979065
0.00150110375275938
1.11999714374542236
0.22071307897567749
0.00150110375275938
1.12999713420867920
0.22920203208923340
0.00139072847682119
1.13999712467193604
0.23089982569217682
0.00130242825607064
1.14999711513519287
0.23599320650100708
0.00128035320088300
1.15999710559844971
0.23938879370689392
0.00116997792494481
1.16999709606170654
0.23938879370689392
0.00114790286975717
1.17999708652496338
0.24108658730983734
0.00112582781456954
1.18999707698822021
0.24108658730983734
0.00105960264900662
1.19999706745147705
0.24617996811866760
0.00101545253863135
1.20999705791473389
0.24787776172161102
0.00101545253863135
1.21999704837799072
0.25297114253044128
0.00094922737306843
1.22999703884124756
0.25466892123222351
0.00094922737306843
1.23999702930450439
0.25466892123222351
0.00094922737306843
1.24999701976776123
0.25806450843811035
0.00092715231788079
1.25999701023101807
0.26146009564399719
0.00092715231788079
1.26999700069427490
0.26315790414810181
0.00090507726269316
1.27999699115753174
0.26485568284988403
0.00088300220750552
1.28999698162078857
0.26825127005577087
0.00083885209713024
1.29999697208404541
0.26825127005577087
0.00077262693156733
1.30999696254730225
0.27164685726165771
0.00077262693156733
1.31999695301055908
0.27334466576576233
0.00075055187637969
1.32999694347381592
0.28183361887931824
0.00068432671081678
1.33999693393707275
0.28353139758110046
0.00068432671081678
1.34999692440032959
0.28522920608520508
0.00068432671081678
1.35999691486358643
0.28862479329109192
0.00068432671081678
1.36999690532684326
0.28862479329109192
0.00064017660044150
1.37999689579010010
0.29371815919876099
0.00061810154525386
1.38999688625335693
0.29371815919876099
0.00061810154525386
1.39999687671661377
0.29881155490875244
0.00061810154525386
1.40999686717987061
0.30560272932052612
0.00059602649006623
1.41999685764312744
0.30899831652641296
0.00057395143487859
1.42999684810638428
0.31578946113586426
0.00055187637969095
1.43999683856964111
0.31578946113586426
0.00052980132450331
1.44999682903289795
0.31748726963996887
0.00052980132450331
1.45999681949615479
0.31748726963996887
0.00044150110375276
1.46999680995941162
0.31748726963996887
0.00044150110375276
1.47999680042266846
0.32258063554763794
0.00044150110375276
1.48999679088592529
0.32597622275352478
0.00044150110375276
1.49999678134918213
0.32767403125762939
0.00039735099337748
1.50999677181243896
0.32767403125762939
0.00039735099337748
1.51999676227569580
0.33276739716529846
0.00039735099337748
1.52999675273895264
0.34125638008117676
0.00037527593818985
1.53999674320220947
0.34634974598884583
0.00037527593818985
1.54999673366546631
0.34974533319473267
0.00037527593818985
1.55999672412872314
0.35483869910240173
0.00035320088300221
1.56999671459197998
0.35823428630828857
0.00035320088300221
1.57999670505523682
0.35993209481239319
0.00035320088300221
1.58999669551849365
0.36332768201828003
0.00035320088300221
1.59999668598175049
0.36672326922416687
0.00033112582781457
1.60999667644500732
0.37181663513183594
0.00030905077262693
1.61999666690826416
0.37691003084182739
0.00028697571743929
1.62999665737152100
0.38030558824539185
0.00028697571743929
1.63999664783477783
0.38030558824539185
0.00026490066225166
1.64999663829803467
0.38370117545127869
0.00022075055187638
1.65999662876129150
0.38709676265716553
0.00019867549668874
1.66999661922454834
0.39219015836715698
0.00019867549668874
1.67999660968780518
0.39388793706893921
0.00019867549668874
1.68999660015106201
0.39898133277893066
0.00017660044150110
1.69999659061431885
0.40067911148071289
0.00017660044150110
1.70999658107757568
0.40407469868659973
0.00017660044150110
1.71999657154083252
0.40747028589248657
0.00017660044150110
1.72999656200408936
0.41426146030426025
0.00017660044150110
1.73999655246734619
0.41765704751014709
0.00017660044150110
1.74999654293060303
0.42275041341781616
0.00017660044150110
1.75999653339385986
0.42444822192192078
0.00015452538631347
1.76999652385711670
0.42784380912780762
0.00015452538631347
1.77999651432037354
0.42784380912780762
0.00015452538631347
1.78999650478363037
0.43293717503547668
0.00015452538631347
1.79999649524688721
0.43803057074546814
0.00015452538631347
1.80999648571014404
0.43972834944725037
0.00011037527593819
1.81999647617340088
0.44312393665313721
0.00011037527593819
1.82999646663665771
0.45161288976669312
0.00011037527593819
1.83999645709991455
0.45331069827079773
0.00011037527593819
1.84999644756317139
0.45500847697257996
0.00011037527593819
1.85999643802642822
0.46349745988845825
0.00011037527593819
1.86999642848968506
0.46859082579612732
0.00011037527593819
1.87999641895294189
0.47198641300201416
0.00011037527593819
1.88999640941619873
0.47538200020790100
0.00011037527593819
1.89999639987945557
0.47707980871200562
0.00011037527593819
1.90999639034271240
0.47707980871200562
0.00011037527593819
1.91999638080596924
0.48217317461967468
0.00008830022075055
1.92999637126922607
0.48387095332145691
0.00008830022075055
1.93999636173248291
0.48726654052734375
0.00008830022075055
1.94999635219573975
0.48896434903144836
0.00008830022075055
1.95999634265899658
0.48896434903144836
0.00008830022075055
1.96999633312225342
0.49066212773323059
0.00008830022075055
1.97999632358551025
0.49066212773323059
0.00008830022075055
1.98999631404876709
0.49235993623733521
0.00008830022075055
1.99999630451202393
0.49405771493911743
0.00008830022075055
