-2
0.0101868
1.82424
-1.99
0.0101868
1.82424
-1.98
0.00509338
0.909713
-1.97
0.00509338
0.907682
-1.96
0.00509338
0.907241
-1.95
0.00679117
0.906667
-1.94
0.00679117
0.905607
-1.93
0.00679117
0.904901
-1.92
0.00679117
0.904459
-1.91
0.00679117
0.903576
-1.9
0.00679117
0.903576
-1.89
0.00679117
0.903223
-1.88
0.00679117
0.902605
-1.87
0.00679117
0.901545
-1.86
0.00679117
0.900662
-1.85
0.00679117
0.90053
-1.84
0.00679117
0.899647
-1.83
0.00679117
0.899647
-1.82
0.00679117
0.899205
-1.81
0.00679117
0.898764
-1.8
0.00679117
0.898366
-1.79
0.00679117
0.898057
-1.78
0.00679117
0.896468
-1.77
0.00679117
0.896336
-1.76
0.00679117
0.896026
-1.75
0.00679117
0.895673
-1.74
0.00679117
0.89479
-1.73
0.00679117
0.894614
-1.72
0.00679117
0.893245
-1.71
0.00679117
0.892804
-1.7
0.00679117
0.891965
-1.69
0.00679117
0.891523
-1.68
0.00679117
0.891082
-1.67
0.00679117
0.890728
-1.66
0.00679117
0.890287
-1.65
0.00679117
0.889536
-1.64
0.00679117
0.889095
-1.63
0.00679117
0.888653
-1.62
0.00679117
0.888565
-1.61
0.00679117
0.888124
-1.6
0.00679117
0.887241
-1.59
0.00679117
0.88702
-1.58
0.00679117
0.886667
-1.57
0.00679117
0.885607
-1.56
0.00679117
0.885298
-1.55
0.00679117
0.884636
-1.54
0.00679117
0.884636
-1.53
0.00679117
0.884636
-1.52
0.00679117
0.884371
-1.51
0.00679117
0.883179
-1.5
0.00679117
0.882384
-1.49
0.00679117
0.882384
-1.48
0.00679117
0.881678
-1.47
0.00679117
0.880353
-1.46
0.00679117
0.879029
-1.45
0.00679117
0.878587
-1.44
0.00679117
0.877439
-1.43
0.00679117
0.877439
-1.42
0.00679117
0.877439
-1.41
0.00679117
0.876556
-1.4
0.00679117
0.875232
-1.39
0.00679117
0.874879
-1.38
0.00679117
0.873554
-1.37
0.00679117
0.87223
-1.36
0.00679117
0.87223
-1.35
0.00679117
0.87223
-1.34
0.00679117
0.871258
-1.33
0.00679117
0.871258
-1.32
0.00679117
0.870817
-1.31
0.00679117
0.870817
-1.3
0.00679117
0.870375
-1.29
0.00679117
0.869536
-1.28
0.00679117
0.868653
-1.27
0.00679117
0.867682
-1.26
0.00679117
0.866358
-1.25
0.00679117
0.86543
-1.24
0.00679117
0.86543
-1.23
0.00679117
0.86543
-1.22
0.00679117
0.86543
-1.21
0.00679117
0.86543
-1.2
0.00679117
0.864989
-1.19
0.00679117
0.864989
-1.18
0.00679117
0.864547
-1.17
0.00679117
0.863664
-1.16
0.00679117
0.863664
-1.15
0.00679117
0.863664
-1.14
0.00679117
0.863179
-1.13
0.00679117
0.862737
-1.12
0.00848896
0.862075
-1.11
0.00848896
0.861236
-1.1
0.00848896
0.860662
-1.09
0.00848896
0.860221
-1.08
0.00848896
0.860221
-1.07
0.00848896
0.859338
-1.06
0.00848896
0.858764
-1.05
0.00848896
0.858322
-1.04
0.00848896
0.857881
-1.03
0.00848896
0.857439
-1.02
0.00848896
0.857439
-1.01
0.00848896
0.856247
-1
0.00848896
0.855806
-0.990001
0.00848896
0.854923
-0.980001
0.00848896
0.854923
-0.970001
0.00848896
0.854305
-0.960001
0.00848896
0.854305
-0.950001
0.00848896
0.853422
-0.940001
0.00848896
0.85298
-0.930001
0.00848896
0.85298
-0.920001
0.00848896
0.852539
-0.910001
0.00848896
0.852539
-0.900001
0.00848896
0.852539
-0.890001
0.00848896
0.852539
-0.880001
0.00848896
0.852539
-0.870001
0.0101868
0.852539
-0.860001
0.0101868
0.852097
-0.850001
0.0101868
0.851656
-0.840001
0.0101868
0.851347
-0.830001
0.0101868
0.850905
-0.820001
0.0118845
0.850508
-0.810001
0.0118845
0.850508
-0.800001
0.0118845
0.849316
-0.790001
0.0118845
0.849272
-0.780001
0.0118845
0.849272
-0.770001
0.0118845
0.849272
-0.760001
0.0118845
0.0486976
-0.750001
0.0118845
0.047947
-0.740001
0.0135823
0.046755
-0.730001
0.0135823
0.0463135
-0.720001
0.0135823
0.0446799
-0.710001
0.0135823
0.0441501
-0.700001
0.0135823
0.0439735
-0.690001
0.0135823
0.0430022
-0.680001
0.0169779
0.0428698
-0.670001
0.0169779
0.0419426
-0.660001
0.0169779
0.0415011
-0.650001
0.0169779
0.0415011
-0.640001
0.0169779
0.041457
-0.630001
0.0169779
0.0411038
-0.620001
0.0169779
0.0406623
-0.610001
0.0169779
0.0404857
-0.600001
0.0186757
0.0403532
-0.590001
0.0186757
0.0403532
-0.580001
0.0186757
0.0399117
-0.570001
0.0186757
0.0399117
-0.560001
0.0186757
0.0394702
-0.550001
0.0186757
0.0390287
-0.540001
0.0186757
0.0390287
-0.530001
0.0186757
0.0390287
-0.520001
0.0186757
0.0390287
-0.510001
0.0186757
0.0381457
-0.500001
0.0186757
0.0377483
-0.490001
0.0186757
0.0370861
-0.480001
0.0186757
0.0366446
-0.470001
0.0186757
0.0362914
-0.460001
0.0186757
0.0358057
-0.450001
0.0186757
0.0353642
-0.440001
0.0186757
0.0349227
-0.430001
0.0186757
0.0337307
-0.420002
0.0186757
0.0320971
-0.410002
0.0186757
0.0316556
-0.400002
0.0186757
0.0312141
-0.390002
0.0203735
0.0307726
-0.380002
0.0203735
0.0305077
-0.370002
0.0203735
0.0301987
-0.360002
0.0203735
0.0293157
-0.350002
0.0237691
0.0293157
-0.340002
0.0237691
0.0275497
-0.330002
0.0237691
0.0275497
-0.320002
0.0237691
0.0274172
-0.310002
0.0237691
0.0265342
-0.300002
0.0237691
0.0260927
-0.290002
0.0237691
0.0253863
-0.280002
0.0237691
0.0252097
-0.270002
0.0237691
0.0243267
-0.260002
0.0237691
0.0243267
-0.250002
0.0254669
0.0237086
-0.240002
0.0254669
0.0237086
-0.230002
0.0254669
0.0231347
-0.220002
0.0271647
0.0231347
-0.210002
0.0271647
0.0231347
-0.200002
0.0271647
0.0226932
-0.190002
0.0271647
0.0226932
-0.180002
0.0271647
0.0226932
-0.170002
0.0271647
0.0224724
-0.160002
0.0271647
0.0224724
-0.150002
0.0271647
0.0224724
-0.140002
0.0271647
0.0220309
-0.130002
0.0271647
0.0215894
-0.120002
0.0271647
0.0207064
-0.110002
0.0271647
0.0207064
-0.100002
0.0271647
0.0202649
-0.0900016
0.0271647
0.0198234
-0.0800016
0.0271647
0.0195585
-0.0700016
0.0271647
0.0195585
-0.0600016
0.0271647
0.019117
-0.0500016
0.0271647
0.0182781
-0.0400016
0.0271647
0.0182781
-0.0300016
0.0271647
0.0182781
-0.0200016
0.0271647
0.0170861
-0.0100016
0.0288625
0.0162031
-1.62423e-06
0.0288625
0.0157616
0.00999838
0.0288625
0.0153642
0.0199984
0.0288625
0.0153642
0.0299984
0.0288625
0.0153642
0.0399984
0.0288625
0.0145254
0.0499984
0.0288625
0.0145254
0.0599984
0.0288625
0.0140839
0.0699984
0.0288625
0.0140839
0.0799984
0.0288625
0.0140839
0.0899984
0.0288625
0.0140397
0.0999984
0.0305603
0.0135982
0.109998
0.0305603
0.0135982
0.119998
0.0305603
0.0131567
0.129998
0.0305603
0.0122737
0.139998
0.0305603
0.0118322
0.149998
0.0305603
0.0112583
0.159998
0.0305603
0.0108609
0.169998
0.0305603
0.0108168
0.179998
0.0305603
0.0103753
0.189998
0.0305603
0.0103753
0.199998
0.0305603
0.00993377
0.209998
0.0305603
0.00993377
0.219998
0.0305603
0.00993377
0.229998
0.0305603
0.00993377
0.239998
0.0305603
0.00993377
0.249998
0.0305603
0.00993377
0.259998
0.0305603
0.00993377
0.269998
0.0305603
0.00988962
0.279998
0.0305603
0.00949227
0.289998
0.0305603
0.00949227
0.299998
0.0305603
0.00949227
0.309998
0.0305603
0.00909492
0.319998
0.0305603
0.00909492
0.329998
0.0305603
0.00865342
0.339998
0.0305603
0.00865342
0.349998
0.0305603
0.00865342
0.359998
0.0305603
0.00865342
0.369998
0.0305603
0.00865342
0.379998
0.0305603
0.00843267
0.389998
0.0322581
0.00843267
0.399998
0.0322581
0.00799117
0.409998
0.0322581
0.00799117
0.419998
0.0322581
0.00799117
0.429998
0.0322581
0.00799117
0.439998
0.0322581
0.00799117
0.449998
0.0356537
0.00799117
0.459998
0.0373514
0.00799117
0.469998
0.0373514
0.00799117
0.479998
0.0373514
0.00799117
0.489998
0.0373514
0.00799117
0.499998
0.0373514
0.00799117
0.509998
0.0373514
0.00777042
0.519998
0.0373514
0.00777042
0.529998
0.0390492
0.00777042
0.539998
0.0390492
0.00777042
0.549998
0.0390492
0.00777042
0.559998
0.040747
0.00746137
0.569998
0.040747
0.00746137
0.579998
0.040747
0.00746137
0.589998
0.040747
0.00701987
0.599998
0.040747
0.00701987
0.609998
0.040747
0.00701987
0.619998
0.0424448
0.00657837
0.629998
0.0424448
0.00653422
0.639998
0.0424448
0.00609272
0.649998
0.0424448
0.00565121
0.659998
0.0424448
0.00565121
0.669998
0.0441426
0.00565121
0.679998
0.0441426
0.00565121
0.689998
0.0475382
0.00565121
0.699998
0.0475382
0.00565121
0.709998
0.0475382
0.00565121
0.719998
0.0475382
0.00520971
0.729998
0.0475382
0.00520971
0.739998
0.049236
0.00476821
0.749998
0.049236
0.00476821
0.759998
0.049236
0.00476821
0.769998
0.049236
0.00454746
0.779998
0.0509338
0.00454746
0.789998
0.0526316
0.00454746
0.799998
0.0543294
0.00454746
0.809998
0.0543294
0.00450331
0.819998
0.0543294
0.00450331
0.829998
0.0543294
0.00450331
0.839998
0.0543294
0.00450331
0.849998
0.0560272
0.00450331
0.859998
0.057725
0.00450331
0.869998
0.0594228
0.00450331
0.879998
0.0594228
0.00450331
0.889998
0.0611205
0.00450331
0.899998
0.0611205
0.00450331
0.909998
0.0611205
0.00450331
0.919998
0.0611205
0.00450331
0.929998
0.0611205
0.00450331
0.939998
0.0611205
0.00450331
0.949998
0.0628183
0.00450331
0.959998
0.0645161
0.00406181
0.969998
0.0662139
0.00406181
0.979998
0.0662139
0.00406181
0.989998
0.0696095
0.00406181
0.999998
0.0713073
0.00406181
1.01
0.0713073
0.00406181
1.02
0.0713073
0.00406181
1.03
0.0713073
0.00406181
1.04
0.0730051
0.00406181
1.05
0.0730051
0.00406181
1.06
0.0747029
0.00384106
1.07
0.0764007
0.00384106
1.08
0.0797963
0.00384106
1.09
0.0814941
0.00384106
1.1
0.0831918
0.00286976
1.11
0.0848896
0.00286976
1.12
0.0848896
0.00286976
1.13
0.0865874
0.00273731
1.14
0.089983
0.00273731
1.15
0.0916808
0.00273731
1.16
0.0916808
0.00273731
1.17
0.0916808
0.00273731
1.18
0.0916808
0.00273731
1.19
0.0950764
0.00229581
1.2
0.0967742
0.00229581
1.21
0.098472
0.00229581
1.22
0.098472
0.00229581
1.23
0.098472
0.00207506
1.24
0.098472
0.00163355
1.25
0.101868
0.00163355
1.26
0.106961
0.00163355
1.27
0.108659
0.00163355
1.28
0.108659
0.00163355
1.29
0.110357
0.00163355
1.3
0.110357
0.00163355
1.31
0.112054
0.00163355
1.32
0.112054
0.00163355
1.33
0.113752
0.00163355
1.34
0.11545
0.00163355
1.35
0.118846
0.00163355
1.36
0.120543
0.00163355
1.37
0.122241
0.00163355
1.38
0.122241
0.00163355
1.39
0.122241
0.00163355
1.4
0.125637
0.00163355
1.41
0.125637
0.00163355
1.42
0.125637
0.00163355
1.43
0.127334
0.00163355
1.44
0.129032
0.00163355
1.45
0.132428
0.00163355
1.46
0.134126
0.00163355
1.47
0.134126
0.00163355
1.48
0.135823
0.00163355
1.49
0.137521
0.00163355
1.5
0.139219
0.00163355
1.51
0.139219
0.00163355
1.52
0.140917
0.00163355
1.53
0.144312
0.00163355
1.54
0.14601
0.00163355
1.55
0.14601
0.00163355
1.56
0.14601
0.00163355
1.57
0.149406
0.00163355
1.58
0.151104
0.00163355
1.59
0.151104
0.00163355
1.6
0.151104
0.00163355
1.61
0.152801
0.00163355
1.62
0.154499
0.00163355
1.63
0.156197
0.00163355
1.64
0.157895
0.00163355
1.65
0.159593
0.00163355
1.66
0.16129
0.00163355
1.67
0.16129
0.00163355
1.68
0.16129
0.00163355
1.69
0.166384
0.0013245
1.7
0.168081
0.0013245
1.71
0.169779
0.0013245
1.72
0.171477
0.0013245
1.73
0.173175
0.000883002
1.74
0.173175
0.000883002
1.75
0.174873
0.000883002
1.76
0.178268
0.000883002
1.77
0.181664
0.000883002
1.78
0.181664
0.000883002
1.79
0.188455
0.000883002
1.8
0.193548
0.000883002
1.81
0.193548
0.000883002
1.82
0.193548
0.000883002
1.83
0.193548
0.000883002
1.84
0.195246
0.000883002
1.85
0.202037
0.000883002
1.86
0.205433
0.000883002
1.87
0.207131
0.000883002
1.88
0.207131
0.000883002
1.89
0.207131
0.000883002
1.9
0.207131
0.000883002
1.91
0.207131
0.000441501
1.92
0.210526
0.000441501
1.93
0.213922
0.000441501
1.94
0.217317
0.000441501
1.95
0.217317
0.000441501
1.96
0.219015
0.000441501
1.97
0.220713
0.000441501
1.98
0.222411
0.000441501
1.99
0.225806
0.000441501
2
0.227504
0.000441501
